.Random.seed <-
c(10403L, 10L, 1127777490L, -1564331676L, 453551271L, 1629514237L, 
1298203636L, 1917508826L, 2098384421L, 466961215L, 2086539462L, 
1824943440L, -1268066957L, -973488239L, 36688320L, 767677342L, 
-1181889175L, -2059692645L, -181012310L, -599726388L, 1511655311L, 
152323013L, -837458052L, 1782011858L, 878016333L, 1242899975L, 
-547572242L, -1151909688L, 1922994123L, -944330199L, 1099716728L, 
-651471450L, 1078075329L, -2010053549L, -1560483070L, 400010804L, 
1656728503L, -1520206931L, 1566830788L, -1481374486L, -1364473003L, 
1754463471L, -111193354L, 464920096L, -1988959261L, 1645553793L, 
-421169424L, 326423950L, -1783768327L, -475359093L, -1257234246L, 
750367676L, 1669654783L, -818922411L, 651741036L, 1441068994L, 
1523613725L, 265339031L, -1547649538L, 119049656L, 2014855579L, 
-1849227271L, -637939896L, 785570422L, -930081871L, -1226437149L, 
-1637068110L, 256290564L, 560370759L, 1234150173L, -2082424428L, 
1689287994L, -810327675L, 604189279L, 1256084710L, -1981831312L, 
-1646761837L, 214279473L, -1155763232L, -262168450L, -69764343L, 
-1704420037L, 875540746L, 823484652L, -476754577L, 1212289701L, 
-950686628L, -955569102L, 2071948077L, -178736665L, -195310322L, 
599220968L, 843066603L, 1060201865L, -1854622440L, -943949754L, 
-314974047L, 1754146611L, -479873374L, 1575814548L, 57297943L, 
-493691891L, -155649756L, 512808202L, -365644683L, -61579313L, 
1105002710L, -1468940160L, 159514307L, 1648707681L, 692254928L, 
1974645294L, -1958358055L, 1994382315L, 1267219034L, -418886628L, 
-1437951713L, 616237429L, 652249100L, -878423582L, -1528681795L, 
765617463L, -969160226L, -555004136L, 1636959867L, 383403033L, 
-1974995800L, 726912598L, 486959825L, 107383427L, -1809563374L, 
-2111249244L, -1834535833L, 608353725L, -1216069836L, 2032819354L, 
-9264411L, -1582932865L, -1991256570L, -1393204848L, -894886861L, 
1602008017L, -796329600L, 2132661342L, 1530790825L, 102783579L, 
1638678122L, -36142324L, -997497521L, 542645765L, 1191224508L, 
1389942162L, 1489538701L, 2033583303L, -1485381202L, 1140706312L, 
1028784139L, 224998633L, -511355976L, 1052286054L, 2068020481L, 
-656925805L, -951403454L, 420479988L, -1251570185L, 579785197L, 
-1669078396L, -742861654L, -1458617835L, 1603255983L, -768213834L, 
1673906912L, 1444804131L, 677640513L, -2069732304L, -1404862898L, 
-1229264199L, -1476407605L, 73906042L, 1470709372L, -1938113857L, 
1863834517L, -1927996500L, 328733058L, 1053218653L, 1828403799L, 
-280710850L, -103755400L, -1323554213L, 87547321L, 531562504L, 
1605583542L, -2108728847L, 1710559267L, 1871327346L, 513544900L, 
1523254407L, 1870575709L, 506093140L, 1097440378L, -922335291L, 
-1446721249L, -11990874L, 549726768L, -1952812845L, 693042929L, 
1286315552L, -708630338L, 703507657L, 274138747L, -2013559734L, 
-2057089876L, 2071665583L, -100081819L, -2036927204L, -1040753294L, 
-135752211L, -1549387225L, 573463118L, -762962264L, -307448661L, 
604255689L, -49186344L, 23425158L, -204472991L, -1657761549L, 
984342370L, 291887572L, 892972247L, -1863501520L, -1691416412L, 
-358225224L, 415051610L, -230244976L, 878906748L, -2066599660L, 
665902402L, -1044389120L, 1183509436L, 611083088L, -1200925406L, 
-1268553400L, 1006586892L, 2102873180L, -83954478L, 343266304L, 
-1026807980L, -1657730584L, 991157242L, 1544735440L, 1463526700L, 
-1813070604L, 74556306L, 1619561568L, -1582049012L, -1791743264L, 
-1083452062L, -794536280L, -1329254836L, -177949828L, -1661911246L, 
1738547824L, 1683427652L, -50927656L, -2092977030L, -86238672L, 
-2061046084L, 2017558356L, 529092162L, 465190816L, 1962278076L, 
1040200144L, 1944490338L, 93497320L, 583744460L, 145247996L, 
-303397902L, 707572864L, 1849622772L, -355704696L, -238661318L, 
-477940912L, 2079703148L, -124560236L, 1944872274L, 1275638496L, 
651128012L, -1864983392L, -1936188030L, 856296680L, 912960748L, 
835610684L, -272593806L, 1587543152L, 1677373988L, -984361416L, 
1795314202L, 184964304L, 814556732L, 2071781524L, 333180034L, 
-1995551808L, -105795268L, 1900375696L, 919372834L, 855945224L, 
-1016974196L, 520963100L, -656641902L, -1514412928L, 1938496532L, 
1487361832L, 1182713914L, 1177106640L, -1742210964L, -1334112588L, 
-2059834350L, 2043302880L, 394486732L, -643882528L, 369764386L, 
1566958888L, -794250996L, 1729536572L, 939718898L, 2105670896L, 
31872836L, -2122900392L, -1880197574L, 67129584L, 415626940L, 
2073022996L, -855802686L, -1450177952L, -775495300L, -153793328L, 
81422370L, -1843825496L, 1188110732L, 1519587772L, 1852836914L, 
-1742842048L, -1756867916L, 818756936L, 379442874L, -1113226480L, 
-852518676L, 500771924L, 843205394L, 1211280800L, -972048436L, 
-1337412768L, 1457806530L, 580338216L, 1140637100L, -1252832452L, 
1595531122L, 896204592L, -1343060956L, 619332152L, 137774810L, 
726926224L, 1126963452L, 1788469652L, -1203887294L, 1821874688L, 
-503421892L, 1432939088L, 1912407202L, 35911496L, 532692492L, 
-1025868068L, 396132434L, -571309952L, -284222636L, 1010476008L, 
1129865978L, -726393008L, 1652736044L, -516148876L, 1022726802L, 
485024352L, 1328219276L, -1662257824L, 1633306850L, 102498472L, 
428665548L, -1476893188L, -2142109774L, 1432377328L, 495273412L, 
707238232L, 139212154L, 1305011632L, -1782289988L, 882145876L, 
792546754L, 36387616L, 26217404L, -708000688L, 639573986L, 100082536L, 
-333715636L, 806091516L, -761775374L, -1565429504L, 813290612L, 
1028119048L, 268593594L, 1149680080L, 760982508L, -1972402284L, 
266546386L, 532662368L, -81419956L, 1835394848L, 433105538L, 
-1694184984L, 503092204L, 1671552572L, 500013682L, -669032592L, 
1714688292L, -1453404616L, 1993137562L, -1880132144L, 1502417340L, 
1206936212L, -1816086910L, 1240699328L, 122126140L, 1981445776L, 
1074942754L, -729889272L, -105072884L, -1914243172L, 23732242L, 
1369908096L, -402956524L, -1561097944L, -1329946566L, 2136512464L, 
-1476138388L, 327224372L, -581987182L, -694944416L, -156569268L, 
78293472L, 1277312930L, 2071007144L, 1053357196L, 2071360444L, 
-198715278L, -1116212240L, 1226522692L, -930327464L, -1067300921L, 
158699184L, -557032242L, -858487301L, -1914724771L, -181687926L, 
-2068975192L, -580219119L, -2041385469L, -251803388L, 1905433906L, 
1864190855L, -861201967L, -198896810L, 298735924L, 1910646853L, 
609693839L, 769646088L, -584580570L, -949058861L, 2052494389L, 
-1304065134L, -1668809888L, -1426209079L, 691255803L, 2055644620L, 
-271735718L, 1387518287L, -250197991L, 204410414L, -572410820L, 
2128380333L, 721818199L, -51237984L, -1899048706L, 1388319691L, 
-341785139L, 1685219578L, 1064729400L, -801769247L, 1128283027L, 
-614219852L, 1031963842L, -1929328425L, 1074230561L, -592087834L, 
764912100L, 1988926741L, 362698047L, -834418472L, -1886332682L, 
1909637891L, -1883827131L, -1876349854L, -1593496624L, -232054535L, 
1870285355L, -843491940L, -183931446L, 814751423L, 765394953L, 
-192831202L, 1391011020L, 77131933L, 1876788519L, -246835376L, 
-2077238802L, -1091146085L, 1321066749L, -1171847190L, 820625544L, 
-201621967L, -1203644253L, 975244452L, 552840530L, -724981593L, 
1681259761L, 976669750L, 1056302292L, 886974565L, -1978297745L, 
-1423061848L, 189590022L, -1225151693L, 804011925L, 977607666L, 
-35950528L, 316527017L, 1154678811L, -1005769236L, -1852600838L, 
-1912620497L, 1059714617L, 1867784270L, 533186716L, -306787827L, 
976332407L, -1346978176L, -434742050L, 1867235243L, 2086793389L, 
-1167956710L, 1745469912L, 283048513L, -500584205L, 67669780L, 
-2054003038L, -901505097L, -2126533759L, -1320724090L, 884751300L, 
-1138907403L, -998247585L, 501489080L, 1799300246L, -912680285L, 
-2086175643L, 452176258L, 833254128L, -1180703079L, 206105227L, 
229911420L, -815592022L, -2106661409L, 1475638121L, -505695362L, 
-88331412L, -1930076227L, 173091975L, 1990582384L, 1543080718L, 
-1669650373L, 1613670173L, -1975958070L, 812400360L, 328192465L, 
630449091L, 1416740036L, 632750962L, -1011622329L, 1730248209L, 
-879620202L, -912919820L, -361925499L, -1779766833L, 338951368L, 
1604414822L, -509653101L, -649195275L, -937125678L, -1916328160L, 
